16
8
5
7
9
0
13
6
15
17
2
6
16
8
12
5
11
10
12
2
13
15
14
5
1
5
9
5
6
18
17
2
19
17
4
19
17
3
14
2
16
15
7
1
8
10
16
1
4
14
6
9
11
5
14
15
9
3
8
6
8
8
12
14
16
10
3
14
10
3
13
9
14
16
4
1
0
16
11
5
3
4
0
1
19
4
19
1
18
2
10
11
5
9
17
5
9
4
12
1
9
8
17
3
15
17
8
9
13
11
0
2
8
1
12
0
18
2
11
11
9
7
12
0
2
15
18
16
4
2
2
17
18
9
4
2
10
5
19
12
7
10
8
17
10
9
9
17
15
8
2
0
4
12
16
0
17
4
1
10
0
10
2
8
16
4
10
3
7
19
17
1
7
11
7
9
10
9
2
12
3
15
8
3
17
11
16
1
7
12
2
0
7
0
4
14
10
0
18
11
2
3
8
19
15
18
4
11
8
10
10
4
1
14
1
16
5
0
13
6
9
17
15
12
0
11
19
19
1
2
7
10
10
11
18
6
17
4
15
2
10
9
5
16
18
5
9
15
5
16
10
11
1
1
17
8
18
17
6
7
1
14
2
18
8
10
2
16
1
5
2
19
3
6
0
1
3
1
12
12
0
15
9
4
13
3
0
0
12
11
4
3
18
4
14
8
15
10
0
13
8
14
3
10
10
2
8
15
15
6
11
16
17
6
6
0
13
5
8
18
6
7
14
18
1
5
8
10
10
1
4
17
15
18
0
1
8
2
8
2
19
17
13
15
11
7
15
6
0
0
3
3
8
12
2
18
9
16
18
8
19
10
3
18
18
8
10
2
4
12
6
11
7
19
15
7
17
19
9
2
5
17
1
6
4
1
4
0
12
6
10
8
17
7
10
0
9
0
13
14
17
1
9
13
7
13
16
11
13
18
7
4
1
5
2
2
3
15
6
3
0
7
16
11
4
17
17
19
11
3
1
16
2
5
13
12
4
1
5
10
13
7
8
19
19
10
19
2
19
4
10
12
19
14
5
0
4
2
17
19
10
12
2
18
15
18
13
2
12
15
4
5
4
11
5
17
2
0
6
6
6
7
19
19
1
1
11
4
15
4
6
9
5
13
14
10
13
18
1
18
14
14
4
6
3
1
6
9
11
14
6
10
19
9
5
9
5
1
19
8
14
10
2
9
15
4
9
9
7
12
10
0
14
1
7
8
10
6
7
19
3
2
14
15
12
3
5
9
3
6
1
15
13
17
18
16
15
3
15
12
12
5
4
4
16
8
4
19
10
0
2
6
17
10
1
7
17
9
0
2
3
7
1
14
8
6
7
0
3
7
0
0
10
17
4
16
19
18
14
2
6
17
9
8
14
6
2
8
5
8
17
1
15
6
7
12
12
1
5
13
9
9
13
15
18
18
8
5
4
0
18
12
13
13
15
6
18
3
2
4
7
15
4
1
4
15
14
4
16
1
3
7
15
16
13
4
18
7
15
12
7
16
16
13
9
17
14
16
2
8
14
6
5
10
3
8
2
15
18
10
16
2
7
3
5
6
0
4
3
7
2
10
1
8
18
2
3
16
14
19
10
11
15
3
2
7
14
2
18
8
3
10
4
8
6
5
18
6
18
1
10
15
19
15
19
5
19
0
7
13
10
0
14
17
7
3
7
16
10
13
17
15
1
15
18
10
4
13
4
1
0
2
5
3
10
1
8
16
10
5
15
6
16
18
17
3
5
8
18
11
3
8
18
4
5
3
5
15
3
5
5
5
15
8
0
17
2
12
10
1
4
4
0
6
5
4
7
9
9
8
7
1
7
0
2
8
10
18
12
19
15
1
2
15
15
9
10
8
13
9
11
18
15
7
9
5
18
5
5
3
0
11
12
6
8
16
10
9
9
10
12
1
6
10
10
14
15
4
4
5
0
19
16
4
5
6
18
10
12
9
3
1
12
3
10
7
1
12
4
10
16
3
17
17
14
17
5
16
16
5
7
1
12
3
6
17
18
4
2
19
1
5
4
1
6
13
6
4
15
4
8
12
3
1
15
1
10
1
2
16
13
14
7
18
7
0
15
18
8
14
10
14
11
17
5
12
5
12
2
8
12
13
19
1
16
6
17
8
3
15
7
16
5
14
8
10
4
7
1
14
4
15
4
18
17
1
16
14
16
8
19
19
15
17
11
17
12
0
6
3
2
19
18
5
2
2
19
11
10
13
15
0
9
3
10
6
15
10
2
4
10
12
14
9
17
0
17
2
1
15
