37
4
5
19
17
8
19
34
39
32
15
16
30
15
31
35
33
19
25
31
31
39
37
23
23
8
24
21
6
38
19
1
9
3
9
9
22
27
30
4
29
29
36
36
29
27
0
28
1
36
29
8
23
15
5
27
27
8
29
34
29
8
7
15
15
26
30
29
3
38
7
1
3
36
27
3
3
3
5
3
3
0
0
23
36
26
27
0
29
29
27
36
6
5
28
1
29
0
28
0
0
6
28
29
0
24
23
23
10
23
21
23
31
15
27
39
10
39
27
27
25
7
27
35
4
27
19
19
14
8
14
35
9
9
9
8
30
31
22
15
36
31
21
2
10
34
5
19
19
13
10
31
10
18
31
24
23
5
7
34
2
12
18
34
31
17
17
5
36
7
3
3
15
3
4
35
3
6
36
0
0
0
29
36
6
29
6
17
6
28
34
19
1
4
1
23
10
35
5
6
39
30
23
39
24
23
23
17
14
23
0
29
7
22
39
1
5
17
1
1
27
36
7
7
36
36
7
7
14
3
9
11
3
12
12
12
12
2
31
12
36
6
14
16
37
28
9
27
16
31
8
14
8
38
16
37
37
33
22
22
33
33
22
22
34
35
33
31
10
10
10
30
24
15
32
21
4
4
15
19
17
8
35
2
18
37
32
4
32
34
32
34
4
24
19
19
3
3
3
31
3
8
3
3
22
29
29
0
6
36
36
6
28
1
0
29
29
1
1
14
38
38
21
10
23
11
24
14
8
8
38
24
12
16
13
27
29
30
2
20
30
2
19
36
1
7
7
36
7
13
35
1
1
27
1
27
35
7
9
9
9
9
12
39
12
12
12
10
12
0
29
36
35
11
3
25
24
21
15
17
31
2
37
7
19
34
3
36
36
3
5
2
7
3
3
28
13
17
17
32
37
31
32
2
10
32
31
39
32
34
38
16
30
16
21
33
37
4
7
15
17
32
33
34
4
20
20
10
21
37
9
37
31
17
31
33
2
7
33
27
34
15
13
9
14
35
14
31
8
16
30
13
22
25
13
20
33
20
17
5
25
15
20
28
31
35
12
7
12
12
24
11
19
12
4
12
35
10
28
7
22
39
36
1
27
1
9
18
31
38
33
32
2
38
4
6
18
21
37
28
2
35
6
22
34
17
17
13
34
19
32
23
11
0
22
14
38
23
23
9
23
33
21
24
3
7
31
8
6
29
31
8
30
16
6
37
33
1
36
39
36
28
38
36
0
28
0
28
29
11
6
6
26
39
22
30
20
22
5
5
28
10
31
8
15
15
39
5
2
4
22
19
19
5
33
18
9
25
3
31
17
13
20
27
20
17
17
4
30
34
13
19
17
14
17
32
4
17
18
4
17
17
34
15
18
34
6
18
18
6
34
30
29
36
6
29
0
7
7
29
39
36
21
6
36
11
28
12
31
12
12
25
39
33
12
12
12
11
13
9
5
16
27
9
9
25
13
14
13
21
30
3
31
3
1
3
3
8
3
3
16
3
29
9
22
7
21
1
7
17
1
14
24
15
24
11
23
0
11
38
15
25
20
2
39
28
34
30
22
12
6
16
26
15
0
17
26
36
30
11
14
6
11
12
6
14
0
0
1
35
6
0
7
36
30
17
1
18
32
18
17
16
15
18
4
18
18
4
2
4
32
4
12
2
12
12
12
12
12
12
5
17
35
21
17
26
13
21
2
25
38
20
16
25
20
17
2
17
10
21
2
8
4
2
25
16
17
22
31
16
20
20
13
14
17
27
2
3
3
25
3
3
39
3
36
3
31
3
0
21
33
23
23
24
17
7
9
22
1
27
35
22
21
22
27
22
19
35
22
11
19
13
24
24
26
27
13
11
26
21
0
9
8
6
16
0
6
28
6
0
28
0
27
29
6
11
6
13
32
18
32
32
5
18
4
32
21
32
18
35
32
33
18
39
17
18
34
18
0
2
32
21
18
18
30
23
10
22
33
15
15
8
15
21
34
20
22
16
21
10
13
33
20
21
17
7
32
38
22
14
21
15
33
17
3
15
15
26
33
16
3
36
3
3
35
8
7
0
10
21
4
21
1
9
2
17
27
36
1
27
27
1
7
17
22
27
37
16
39
13
23
15
37
7
9
12
39
16
8
39
22
39
12
21
2
12
8
3
12
17
12
12
15
26
25
8
26
0
7
27
1
36
1
21
1
1
1
1
6
1
17
32
34
18
33
18
32
32
32
30
30
18
18
39
4
17
18
17
18
33
18
33
18
17
5
2
17
18
21
33
