6
10
15
11
18
0
17
14
8
18
17
11
1
1
19
17
5
17
17
3
14
17
6
13
18
9
6
17
12
12
7
2
9
9
6
4
4
15
6
3
3
3
3
15
9
3
3
14
2
16
9
4
8
4
1
17
4
16
3
3
6
17
10
14
19
4
4
9
9
9
11
3
9
3
10
2
19
19
9
12
9
3
9
15
3
10
2
6
3
6
9
2
3
3
3
3
3
3
3
9
3
3
3
10
5
18
13
13
7
7
13
13
19
19
7
0
1
6
17
4
3
10
19
11
15
1
8
14
13
13
17
8
4
2
6
6
15
19
4
17
3
17
18
17
10
15
12
18
18
18
7
17
14
14
6
7
13
4
17
4
17
17
17
19
14
3
17
15
9
11
19
19
12
9
1
19
19
3
19
10
3
12
2
3
3
3
12
12
3
2
3
17
3
3
3
7
4
12
15
3
0
13
13
0
1
7
13
7
16
13
9
9
19
10
10
2
13
14
2
9
2
3
9
3
9
3
9
2
14
19
13
6
19
15
15
15
15
14
17
13
3
11
12
5
1
14
1
13
2
9
7
17
13
0
4
10
10
7
7
17
7
12
14
10
12
17
11
10
18
1
8
4
18
4
11
17
8
17
18
18
8
13
12
7
12
4
0
12
17
17
12
8
18
18
18
7
19
19
18
7
19
19
19
19
12
8
8
12
3
3
3
3
3
2
3
3
14
3
3
15
16
7
18
10
13
6
13
13
6
18
4
5
15
15
7
5
8
16
19
4
4
2
4
2
3
14
10
9
11
8
14
16
0
8
15
17
1
1
19
8
5
1
15
1
11
7
15
4
15
11
2
6
6
6
18
6
6
5
8
18
1
8
16
3
0
17
19
9
9
19
19
19
9
9
9
3
17
17
8
17
12
19
8
12
8
8
18
0
11
8
17
18
4
5
7
1
4
14
12
17
17
8
7
17
8
14
2
14
10
12
4
8
1
12
18
7
14
3
7
8
8
1
1
14
15
11
18
17
3
5
15
18
4
1
17
17
15
4
8
8
14
14
1
3
14
11
17
0
7
17
15
10
17
11
11
15
11
4
3
11
10
19
3
2
2
3
4
18
14
17
14
18
14
10
12
3
12
7
17
3
3
12
14
13
17
12
14
14
8
17
8
7
6
9
9
5
1
13
13
13
13
5
17
7
9
2
19
5
19
9
14
4
4
5
16
6
13
3
3
11
10
3
17
3
9
3
3
3
3
9
9
11
10
10
10
8
14
2
18
15
3
14
10
17
1
7
10
7
17
10
13
11
8
11
7
18
1
14
19
18
7
0
17
15
14
5
17
17
17
17
8
1
17
15
0
12
14
12
17
8
7
12
8
13
3
10
0
3
12
3
16
4
3
3
3
3
10
9
3
3
6
9
7
3
5
10
3
15
11
6
14
15
17
17
15
17
15
6
11
1
2
5
15
5
19
9
18
17
19
17
8
19
5
19
2
19
17
19
19
3
7
9
3
4
0
2
10
2
10
10
2
13
13
1
7
6
13
3
6
12
16
15
8
5
1
12
8
9
4
15
3
11
7
14
3
1
10
3
6
12
1
0
9
0
3
3
12
10
3
3
3
9
10
2
18
17
3
12
8
8
0
5
0
17
17
12
17
17
17
18
0
17
17
17
15
15
15
16
17
15
5
13
7
17
17
16
17
12
12
14
17
12
5
8
15
14
18
17
17
10
17
4
17
17
12
2
7
10
19
18
1
1
10
17
17
1
15
19
9
1
19
9
15
9
9
19
17
19
9
7
11
13
13
1
12
16
1
14
0
10
19
10
14
10
5
7
8
5
5
6
1
17
15
7
5
5
19
11
10
17
3
4
4
10
18
3
3
3
3
2
3
10
12
3
11
9
9
14
18
17
5
17
16
12
15
17
18
3
17
17
8
5
8
0
12
0
16
14
3
12
18
7
17
11
0
7
13
0
12
17
0
10
7
7
14
12
10
18
7
14
14
17
17
1
14
2
8
8
18
17
1
17
16
12
19
5
3
16
1
17
9
3
9
9
14
8
2
9
6
13
12
13
4
12
12
17
3
0
2
13
2
0
2
7
4
2
12
16
11
9
9
1
9
3
10
16
17
0
14
0
19
12
17
11
18
7
11
19
15
17
15
8
7
12
15
5
2
10
3
5
10
2
2
13
3
3
17
2
3
3
17
7
17
17
15
18
8
17
15
16
17
17
17
18
17
14
14
7
14
7
18
14
17
7
11
13
17
17
13
12
